#format: name ra_d ra_m dec_d dec_m i emaj_s emin_s pa_d spi freq0
S1 0.0 0.7501946687698364 -30.0 0.1777898222208023 0.0002612598182167858 0.0 0.0 0.0 -0.699999988079071 1650000000.0
S2 0.0 0.7349147200584412 -30.0 4.757355690002441 0.004830623976886272 0.0 0.0 0.0 -0.699999988079071 1650000000.0
S3 0.0 1.053110122680664 -30.0 3.7984697818756104 0.0004607184382621199 0.0 0.0 0.0 -0.699999988079071 1650000000.0
S4 -0.0 -0.51142817735672 -30.0 0.10894692689180374 0.006112182512879372 0.0 0.0 0.0 -0.699999988079071 1650000000.0
S5 -0.0 -3.8087306022644043 -30.0 1.2206528186798096 0.007474177982658148 0.0 0.0 0.0 -0.699999988079071 1650000000.0
S6 0.0 0.26020970940589905 -30.0 5.835433483123779 0.00455253291875124 0.0 0.0 0.0 -0.699999988079071 1650000000.0
S7 -0.0 -1.1226940155029297 -29.0 58.84893035888672 0.008898015134036541 0.0 0.0 0.0 -0.699999988079071 1650000000.0
S8 0.0 3.1309096813201904 -29.0 59.9729118347168 0.009397725574672222 0.0 0.0 0.0 -0.699999988079071 1650000000.0
S9 -0.0 -1.0550967454910278 -30.0 0.5120611190795898 0.0003376209642738104 0.0 0.0 0.0 -0.699999988079071 1650000000.0
S10 -0.0 -1.5192183256149292 -30.0 1.6518011093139648 0.008965550921857357 0.0 0.0 0.0 -0.699999988079071 1650000000.0
S11 0.0 1.2161654233932495 -30.0 2.1080965995788574 0.001115629100240767 0.0 0.0 0.0 -0.699999988079071 1650000000.0
S12 0.0 2.1958298683166504 -29.0 58.28170394897461 0.0033045453019440174 0.0 0.0 0.0 -0.699999988079071 1650000000.0
S13 -0.0 -3.3076162338256836 -29.0 58.8148307800293 0.0076355105265975 0.0 0.0 0.0 -0.699999988079071 1650000000.0
S14 -0.0 -3.4703545570373535 -29.0 55.808265686035156 0.008835659362375736 0.0 0.0 0.0 -0.699999988079071 1650000000.0
S15 0.0 3.3319056034088135 -29.0 59.280670166015625 0.0011094120563939214 0.0 0.0 0.0 -0.699999988079071 1650000000.0
S16 -0.0 -0.031051557511091232 -29.0 55.38252258300781 0.00749814510345459 0.0 0.0 0.0 -0.699999988079071 1650000000.0
S17 0.0 1.8684638738632202 -29.0 56.80420684814453 0.009315751492977142 0.0 0.0 0.0 -0.699999988079071 1650000000.0
S18 -0.0 -0.9547815918922424 -30.0 4.3680739402771 0.007137597072869539 0.0 0.0 0.0 -0.699999988079071 1650000000.0
S19 -0.0 -5.137397289276123 -30.0 0.01614655740559101 0.0011171427322551608 0.0 0.0 0.0 -0.699999988079071 1650000000.0
S20 -0.0 -2.6016314029693604 -30.0 2.9218626022338867 0.0009348068851977587 0.0 0.0 0.0 -0.699999988079071 1650000000.0
S21 0.0 0.30514129996299744 -30.0 0.4520137906074524 0.004267391283065081 0.0 0.0 0.0 -0.699999988079071 1650000000.0
S22 -0.0 -0.5389794111251831 -29.0 59.74285888671875 0.0082370825111866 0.0 0.0 0.0 -0.699999988079071 1650000000.0
S23 0.0 5.094057083129883 -29.0 58.97816467285156 0.0057812281884253025 0.0 0.0 0.0 -0.699999988079071 1650000000.0
S24 0.0 2.2982871532440186 -29.0 59.56700134277344 0.002442291472107172 0.0 0.0 0.0 -0.699999988079071 1650000000.0
S25 -0.0 -3.8897600173950195 -29.0 56.84773635864258 0.004377223085612059 0.0 0.0 0.0 -0.699999988079071 1650000000.0
S26 -0.0 -4.3569416999816895 -29.0 58.32959747314453 0.007675253786146641 0.0 0.0 0.0 -0.699999988079071 1650000000.0
S27 0.0 3.1798293590545654 -30.0 0.8849685192108154 0.004779519513249397 0.0 0.0 0.0 -0.699999988079071 1650000000.0
S28 0.0 5.143996238708496 -30.0 5.528296947479248 0.007479134481400251 0.0 0.0 0.0 -0.699999988079071 1650000000.0
S29 0.0 1.3611644506454468 -29.0 58.63697052001953 0.008974676951766014 0.0 0.0 0.0 -0.699999988079071 1650000000.0
S30 -0.0 -1.7062087059020996 -30.0 0.9916961789131165 0.0055279601365327835 0.0 0.0 0.0 -0.699999988079071 1650000000.0
S31 0.0 1.571998953819275 -29.0 55.28971481323242 0.0033562714233994484 0.0 0.0 0.0 -0.699999988079071 1650000000.0
S32 0.0 2.093301296234131 -30.0 0.02713218331336975 0.008519033901393414 0.0 0.0 0.0 -0.699999988079071 1650000000.0
S33 0.0 0.3337711691856384 -29.0 57.139190673828125 0.00948026031255722 0.0 0.0 0.0 -0.699999988079071 1650000000.0
S34 0.0 1.448925256729126 -30.0 1.0216037034988403 0.0009231720468960702 0.0 0.0 0.0 -0.699999988079071 1650000000.0
S35 0.0 4.668590545654297 -30.0 3.2750165462493896 0.0029002248775213957 0.0 0.0 0.0 -0.699999988079071 1650000000.0
S36 -0.0 -4.024427890777588 -30.0 3.56498122215271 0.008740548975765705 0.0 0.0 0.0 -0.699999988079071 1650000000.0
S37 -0.0 -0.1908976137638092 -30.0 1.3958011865615845 0.008496057242155075 0.0 0.0 0.0 -0.699999988079071 1650000000.0
S38 -0.0 -0.1273765116930008 -30.0 2.093121290206909 0.0056322780437767506 0.0 0.0 0.0 -0.699999988079071 1650000000.0
S39 -0.0 -8.161006927490234 -29.0 57.20302963256836 0.005015478935092688 0.0 0.0 0.0 -0.699999988079071 1650000000.0
S40 -0.0 -1.014546275138855 -30.0 4.114268779754639 0.005199683364480734 0.0 0.0 0.0 -0.699999988079071 1650000000.0
S41 0.0 1.4167258739471436 -30.0 6.865383625030518 0.001406923052854836 0.0 0.0 0.0 -0.699999988079071 1650000000.0
S42 0.0 2.385298490524292 -29.0 57.290592193603516 0.0040365527383983135 0.0 0.0 0.0 -0.699999988079071 1650000000.0
S43 -0.0 -6.001714706420898 -30.0 3.1386609077453613 0.0059474133886396885 0.0 0.0 0.0 -0.699999988079071 1650000000.0
S44 0.0 1.5352330207824707 -29.0 57.31888198852539 0.007348636165261269 0.0 0.0 0.0 -0.699999988079071 1650000000.0
S45 0.0 2.328197717666626 -29.0 59.97542190551758 0.008838077075779438 0.0 0.0 0.0 -0.699999988079071 1650000000.0
S46 0.0 3.2375524044036865 -30.0 1.6590204238891602 0.009757479652762413 0.0 0.0 0.0 -0.699999988079071 1650000000.0
S47 0.0 2.974118709564209 -30.0 0.3831427991390228 0.0061341808177530766 0.0 0.0 0.0 -0.699999988079071 1650000000.0
S48 -0.0 -2.5921666622161865 -29.0 57.69158172607422 0.0027682806830853224 0.0 0.0 0.0 -0.699999988079071 1650000000.0
S49 0.0 2.3759560585021973 -29.0 59.771724700927734 0.005192296113818884 0.0 0.0 0.0 -0.699999988079071 1650000000.0
S50 -0.0 -1.9033238887786865 -29.0 59.76742172241211 0.009953578002750874 0.0 0.0 0.0 -0.699999988079071 1650000000.0
S51 -0.0 -1.177504539489746 -30.0 1.2331701517105103 0.002911502029746771 0.0 0.0 0.0 -0.699999988079071 1650000000.0
S52 -0.0 -2.936525821685791 -30.0 1.2737791538238525 0.0019200246315449476 0.0 0.0 0.0 -0.699999988079071 1650000000.0
S53 0.0 2.770420551300049 -30.0 5.645647048950195 0.002656538737937808 0.0 0.0 0.0 -0.699999988079071 1650000000.0
S54 -0.0 -4.474485397338867 -29.0 59.0200080871582 0.0006101923063397408 0.0 0.0 0.0 -0.699999988079071 1650000000.0
S55 -0.0 -1.1852407455444336 -30.0 4.670902252197266 0.009631148539483547 0.0 0.0 0.0 -0.699999988079071 1650000000.0
S56 -0.0 -0.6470121741294861 -30.0 4.45131778717041 0.0064830658957362175 0.0 0.0 0.0 -0.699999988079071 1650000000.0
S57 -0.0 -0.6110597848892212 -29.0 59.57363510131836 0.006416051182895899 0.0 0.0 0.0 -0.699999988079071 1650000000.0
S58 -0.0 -0.0908435732126236 -30.0 3.3626368045806885 0.005472531542181969 0.0 0.0 0.0 -0.699999988079071 1650000000.0
S59 0.0 1.041392207145691 -29.0 58.048667907714844 0.0010281003778800368 0.0 0.0 0.0 -0.699999988079071 1650000000.0
S60 0.0 0.5372574925422668 -29.0 57.4927978515625 0.0007186580332927406 0.0 0.0 0.0 -0.699999988079071 1650000000.0
S61 -0.0 -1.0348021984100342 -29.0 57.36949157714844 0.008799618110060692 0.0 0.0 0.0 -0.699999988079071 1650000000.0
S62 -0.0 -2.7202043533325195 -29.0 56.265621185302734 0.0071990517899394035 0.0 0.0 0.0 -0.699999988079071 1650000000.0
S63 0.0 1.9793157577514648 -30.0 2.4774937629699707 0.00895486120134592 0.0 0.0 0.0 -0.699999988079071 1650000000.0
S64 0.0 2.6326441764831543 -29.0 56.49937438964844 0.002673839684575796 0.0 0.0 0.0 -0.699999988079071 1650000000.0
S65 -0.0 -1.3147683143615723 -29.0 58.88194274902344 0.0062581198289990425 0.0 0.0 0.0 -0.699999988079071 1650000000.0
S66 -0.0 -1.5792943239212036 -29.0 59.2776985168457 0.0027035539969801903 0.0 0.0 0.0 -0.699999988079071 1650000000.0
S67 -0.0 -0.44729846715927124 -29.0 59.599937438964844 0.007525431923568249 0.0 0.0 0.0 -0.699999988079071 1650000000.0
S68 0.0 0.807152509689331 -29.0 57.8986701965332 0.0060021597892045975 0.0 0.0 0.0 -0.699999988079071 1650000000.0
S69 0.0 2.3584110736846924 -29.0 59.17747497558594 0.006343393120914698 0.0 0.0 0.0 -0.699999988079071 1650000000.0
S70 -0.0 -0.677566647529602 -29.0 55.49010467529297 0.0034332075156271458 0.0 0.0 0.0 -0.699999988079071 1650000000.0
S71 0.0 2.545714855194092 -29.0 58.151580810546875 0.005761968903243542 0.0 0.0 0.0 -0.699999988079071 1650000000.0
S72 -0.0 -0.22784148156642914 -29.0 59.323219299316406 0.006425841245800257 0.0 0.0 0.0 -0.699999988079071 1650000000.0
S73 -0.0 -1.257783055305481 -29.0 57.06181335449219 0.00721304677426815 0.0 0.0 0.0 -0.699999988079071 1650000000.0
S74 0.0 3.0895802974700928 -29.0 59.19922637939453 0.002185841090977192 0.0 0.0 0.0 -0.699999988079071 1650000000.0
S75 0.0 0.6312205195426941 -29.0 57.88973617553711 0.008949177339673042 0.0 0.0 0.0 -0.699999988079071 1650000000.0
S76 0.0 1.7269799709320068 -29.0 58.278099060058594 0.007232388481497765 13.335944175720215 10.151191711425781 67.5350570678711 -0.699999988079071 1650000000.0
S77 -0.0 -3.387969493865967 -30.0 6.919004917144775 0.0030560914892703295 24.892911911010742 11.297500610351562 64.6737289428711 -0.699999988079071 1650000000.0
S78 0.0 3.8595597743988037 -30.0 0.29852381348609924 0.0024549963418394327 11.61378002166748 10.979393005371094 41.37518310546875 -0.699999988079071 1650000000.0
S79 0.0 2.7952115535736084 -29.0 57.29183578491211 0.005357414949685335 20.937349319458008 10.728885650634766 126.97306060791016 -0.699999988079071 1650000000.0
S80 0.0 2.421163558959961 -29.0 57.5234260559082 0.0070321992971003056 21.65485191345215 15.843659400939941 132.7513885498047 -0.699999988079071 1650000000.0
S81 0.0 6.607757091522217 -30.0 1.430364966392517 0.0028102679643779993 10.236577987670898 9.536250114440918 213.1547088623047 -0.699999988079071 1650000000.0
S82 -0.0 -4.050874710083008 -30.0 1.595000982284546 0.004884371068328619 19.744190216064453 14.13749885559082 342.4815673828125 -0.699999988079071 1650000000.0
S83 0.0 0.9334263801574707 -29.0 59.14051818847656 0.007093796972185373 10.738870620727539 10.107462882995605 143.89324951171875 -0.699999988079071 1650000000.0
S84 0.0 2.890348196029663 -30.0 3.541281223297119 0.006447720807045698 20.705615997314453 12.592906951904297 64.23670196533203 -0.699999988079071 1650000000.0
S85 -0.0 -1.09624183177948 -30.0 0.003330336418002844 0.00965815968811512 20.319684982299805 11.300426483154297 49.17026138305664 -0.699999988079071 1650000000.0
S86 -0.0 -2.0277421474456787 -29.0 59.923423767089844 0.0021420540288090706 23.05059242248535 15.685394287109375 27.010042190551758 -0.699999988079071 1650000000.0
S87 0.0 0.4864673912525177 -29.0 59.9608268737793 0.0026691786479204893 16.9006404876709 14.420286178588867 295.7610168457031 -0.699999988079071 1650000000.0
S88 0.0 1.1000452041625977 -30.0 1.1993845701217651 0.007957528345286846 10.142333030700684 8.184737205505371 111.06865692138672 -0.699999988079071 1650000000.0
S89 0.0 5.701257228851318 -30.0 1.467437505722046 0.0025605547707527876 16.316415786743164 15.600470542907715 35.49046325683594 -0.699999988079071 1650000000.0
S90 -0.0 -1.30829656124115 -29.0 59.256832122802734 0.006995200179517269 17.80727195739746 16.162944793701172 98.04519653320312 -0.699999988079071 1650000000.0
S91 -0.0 -7.3947038650512695 -30.0 3.0290884971618652 0.009482692927122116 19.614038467407227 14.725391387939453 150.1528778076172 -0.699999988079071 1650000000.0
S92 -0.0 -2.9272735118865967 -29.0 55.76723861694336 0.0006123058847151697 14.36281967163086 8.697733879089355 297.57818603515625 -0.699999988079071 1650000000.0
S93 -0.0 -2.4021339416503906 -30.0 2.7039566040039062 0.0012239873176440597 18.23908042907715 16.210973739624023 292.80096435546875 -0.699999988079071 1650000000.0
S94 0.0 0.642708957195282 -29.0 59.31072235107422 0.0023415526375174522 18.179697036743164 11.600696563720703 216.8329315185547 -0.699999988079071 1650000000.0
S95 -0.0 -1.7479583024978638 -30.0 3.107123851776123 0.0015829589683562517 23.99188995361328 19.164119720458984 25.221702575683594 -0.699999988079071 1650000000.0
S96 -0.0 -2.1432039737701416 -30.0 1.7040104866027832 0.007410996127873659 14.140896797180176 9.612956047058105 178.88540649414062 -0.699999988079071 1650000000.0
S97 -0.0 -1.3883427381515503 -30.0 4.445979595184326 0.009143480099737644 23.753448486328125 13.669837951660156 110.87113952636719 -0.699999988079071 1650000000.0
S98 -0.0 -3.450698137283325 -29.0 54.61524963378906 0.0033906521275639534 16.319808959960938 15.887040138244629 352.8854675292969 -0.699999988079071 1650000000.0
S99 -0.0 -2.936309576034546 -30.0 0.8635627031326294 0.00947454385459423 14.589512825012207 11.782175064086914 355.09783935546875 -0.699999988079071 1650000000.0
S100 -0.0 -6.7143168449401855 -29.0 52.47603225708008 0.00099253433290869 21.003767013549805 11.65542221069336 252.5104522705078 -0.699999988079071 1650000000.0